        0         0         0 1004662758.txt
     1697     23433    120475 100852870.txt
     2382     24276    122901 101028240.txt
     2701     44380    224681 101232575.txt
     1617     17870     94096 1013715408.txt
     2597     42490    217957 101550562.txt
     1484     16571     84760 101835958.txt
      607      9288     46829 101996976.txt
     1634     22766    117591 102465382.txt
       94      1342      6845 1025109757.txt
      631      8867     48307 1026561.txt
        0         0         0 102703750.txt
     2592     49609    246861 103287153.txt
        0         0         0 1035209173.txt
     2019     19832     99090 103861848.txt
     2188     28852    146239 1040864316.txt
      986     17410     95470 104495823.txt
     2205     31211    168386 104547978.txt
     2568     42840    215539 104608790.txt
        0         0         0 1046186893.txt
     1904     31770    175194 1047281348.txt
     2869     49563    253132 1050681613.txt
        0         0         0 1057772204.txt
      709     10869     57711 105825153.txt
        0         0         0 1060831830.txt
      366      4843     27713 106447714.txt
      312      4098     21005 10662722.txt
     1943     33039    171680 1066403539.txt
     2505     35654    182764 106690616.txt
     2514     37381    198376 1068839203.txt
     1823     25088    128388 107345663.txt
     2568     52132    257309 10773502.txt
      302      5944     33580 108022257.txt
        0         0         0 1083732972.txt
     1988     32373    170555 108485693.txt
      494     10707     61584 108916491.txt
     2033     36087    193083 1093469683.txt
     2085     30306    158686 109539122.txt
     2495     44573    222380 109659580.txt
     2614     42239    235956 1097087876.txt
     1419     15523     87149 110165890.txt
        0         0         0 1103386388.txt
        0         0         0 1111398853.txt
       64       626      3534 1112508121.txt
     1816     29254    154789 111408572.txt
     1104     17284     91540 1120251049.txt
       24       282      1481 1130442337.txt
     1493     21412    108174 113288056.txt
     2781     37382    197278 113392228.txt
     2259     32634    164092 113397264.txt
        0         0         0 1134003798.txt
       41       533      3273 113466973.txt
      532      9495     48005 113646960.txt
        0         0         0 1138443463.txt
     2773     48886    245473 11403432.txt
     1180     13953     67220 114183428.txt
        0         0         0 1146196910.txt
     1664     29442    160026 1162091.txt
      232      3654     18821 116772538.txt
        0         0         0 117366206.txt
     1860     22874    115445 1176697662.txt
     1513     19321    101813 117829880.txt
     1791     17806     89014 1178880540.txt
     1102     16436     84549 1180456405.txt
     1638     23768    124605 1181910002.txt
     2293     35571    187388 119699207.txt
     1820     20845    108429 119874303.txt
     2645     35460    193655 120140635.txt
      395      6663     34653 120159759.txt
        0         0         0 1202573592.txt
      557      6619     37411 120335809.txt
      736     12093     65449 120373277.txt
        0         0         0 1206510745.txt
        0         0         0 120704089.txt
     2133     34246    188789 120905666.txt
        0         0         0 1211199582.txt
     1822     23321    121732 1212239136.txt
      427      5406     27903 121878601.txt
     1547     22913    117723 1220014506.txt
        0         0         0 12212992.txt
        1        11        51 122763710.txt
      504      9464     46817 1231710686.txt
     2466     36136    186062 124121765.txt
      911     13666     66729 12416882.txt
     1096     16508     82710 124219394.txt
     1494     13822     73454 1242289290.txt
     1584     17609     99378 1246027753.txt
     1965     26198    134387 125703662.txt
     2183     35460    186988 1257535368.txt
        0         0         0 1257998982.txt
      116      1471      7814 1261992319.txt
     1945     28266    144596 126436124.txt
     1312     12774     64460 126761385.txt
      436      5655     33526 126887688.txt
     2689     41695    217243 1270360387.txt
     2078     22752    119498 1270614636.txt
        0         0         0 127233798.txt
        0         0         0 1275105403.txt
     1695     14914     73827 1275132962.txt
        0         0         0 1278708320.txt
        0         0         0 127871314.txt
     2582     33512    184952 128235107.txt
        0         0         0 1283020830.txt
     2197     29475    153861 128304428.txt
     1525     13204     70035 1284032336.txt
     1645     24164    124079 128404546.txt
     1985     26720    139596 129479601.txt
     1768     18094     96585 1295115949.txt
     1531     22357    114549 129795237.txt
      942     14284     75527 1300508856.txt
        0         0         0 130105968.txt
     1552     25822    138169 130449096.txt
     2464     28574    145661 130528667.txt
     1531     20820    109075 1311380112.txt
      182      2651     14790 131489119.txt
     2040     23471    132225 131575343.txt
     1952     30293    149632 1316900875.txt
      455      7638     38824 131792976.txt
     1998     24772    128027 131867905.txt
      718     12560     61618 1320547986.txt
     1765     15938     80484 1320817932.txt
     1923     20566    108533 1320987162.txt
       62       845      4484 1322028679.txt
      208      2802     16729 132255146.txt
     1194     19061     92722 13253632.txt
     1686     24755    131768 132654126.txt
        0         0         0 1327959896.txt
        0         0         0 132827976.txt
        0         0         0 1329854036.txt
      701     11905     61996 1332552991.txt
     1164     16110     84972 1334398416.txt
        0         0         0 1337608717.txt
      338      6358     29987 133859971.txt
      210      3045     16503 134470267.txt
        0         0         0 134511670.txt
     1078     14958     82626 13475162.txt
     1783     30065    155446 135169549.txt
     1825     19957    103618 1359376854.txt
     1744     22836    114547 1362844393.txt
     1184     13702     77692 136625712.txt
        0         0         0 1370039275.txt
     2495     24408    125827 1372978874.txt
        0         0         0 1374683228.txt
        0         0         0 1379928373.txt
      541      7117     35631 1392916320.txt
      956     10957     60143 139407238.txt
     2415     43231    242069 139596859.txt
     1907     30358    155048 140006339.txt
      814     14072     77408 1400684042.txt
        0         0         0 1405898234.txt
     2442     39509    203977 14071990.txt
     1475     16010     82165 1408829653.txt
     2484     38115    203706 141147097.txt
        0         0         0 141208612.txt
     1548     16918     89768 14131883.txt
      323      4956     27474 141333547.txt
      344      5013     25750 1416475370.txt
     1973     28964    155633 14184965.txt
     1516     20057    104681 141979025.txt
     2633     28829    145772 141998212.txt
     2299     30589    162035 1421991.txt
     2075     25585    133518 14229302.txt
     1227     17501     94523 142299016.txt
     1050     17123     86813 142392358.txt
     1856     25851    132699 14267173.txt
     1641     27112    140128 14281460.txt
        0         0         0 14302722.txt
       11        59       356 143493544.txt
     2088     22752    120440 1440556003.txt
      549      9683     50393 1440809316.txt
      296      3893     20361 1441013155.txt
       42       179       989 14415257.txt
      444      7965     45030 1443687421.txt
     1570     17280     85230 1444826600.txt
      215      2617     14477 1446935760.txt
     2040     26197    132886 1452110736.txt
        0         0         0 145221843.txt
        0         0         0 1453381872.txt
     2707     39509    199512 14561171.txt
     1035     16192     83892 14562638.txt
     1488     31881    165900 1460347410.txt
      536      6735     37983 14620955.txt
     1497     22299    113718 1464565808.txt
     1721     24348    123717 146563331.txt
     1323     19368    100524 146567063.txt
        7        22       116 14665151.txt
      559      6948     41368 1467617810.txt
       95      1289      7665 1467765265.txt
        0         0         0 146901216.txt
       15       161       923 1469742354.txt
     2253     29767    157794 14697622.txt
     1608     18098     92503 1472110290.txt
     2039     24380    126693 147247757.txt
     2401     35173    177160 1474384501.txt
        0         0         0 1479162878.txt
     2575     27445    143058 14804316.txt
        0         0         0 1480514360.txt
     1434     23956    120960 1481872374.txt
     1873     27871    140820 148423251.txt
     2217     17400     89687 1488517711.txt
      372      3216     17230 1493611950.txt
      304      3583     17979 14942242.txt
     1926     31288    166748 149875177.txt
     2090     22788    114938 150339569.txt
      972     15695     80468 150574280.txt
     2112     32257    168467 15126500.txt
     2473     52887    267510 15156691.txt
     1816     26663    137469 15188133.txt
        0         0         0 151944204.txt
     2644     41845    223786 1522114842.txt
      950     10080     54296 1525225652.txt
     1576     15208     78851 152598096.txt
     1634     28449    140186 152636334.txt
     1589     24344    127412 15277602.txt
        0         0         0 15325553.txt
     2224     29743    156507 153371724.txt
     2079     29336    147710 1533743250.txt
        0         0         0 153472919.txt
        0         0         0 153473768.txt
        0         0         0 15348171.txt
      615      4873     26254 1535544150.txt
      167      1961     11874 15363499.txt
       74       950      5720 153706507.txt
     1509     16224     82546 153722617.txt
     1255     19672     97589 154065101.txt
      745     11919     62690 1542154939.txt
      821     10274     54605 1545397938.txt
      857     14290     72918 1548106758.txt
      243      3261     17637 154831276.txt
      702     11636     57541 1555995427.txt
     1155     17291     95218 155960248.txt
      740     10400     63542 1563238699.txt
      984     13209     76999 156576784.txt
        0         0         0 1565805073.txt
     2736     42310    215051 1566810314.txt
        0         0         0 1568402294.txt
      123      1646      9490 15707226.txt
     1036     15552     80909 157281363.txt
        0         0         0 157417915.txt
     2101     25443    136049 157799647.txt
        0         0         0 15808302.txt
     2599     37963    190731 1585947115.txt
        0         0         0 1589421181.txt
      195      2613     13539 1590580117.txt
     2576     40394    200601 1593862975.txt
      896      8348     43883 1595679103.txt
     2704     53811    293207 15970456.txt
     1862     26320    134140 159898660.txt
     2134     27213    140920 1600533152.txt
        0         0         0 16015170.txt
      602      8979     43526 160644643.txt
      160      2069     11577 160717176.txt
       56       310      1523 160801446.txt
     1020     20373    103039 1609091851.txt
     1667     18921    101659 1611672164.txt
     1165     16730    101438 161389558.txt
      708     11811     58985 16183848.txt
     2586     56629    295782 16219082.txt
     1504     19675    102271 162206744.txt
     1057     14084     76787 1623238772.txt
      756     10068     50708 16302578.txt
     1566     18495     91671 1630351928.txt
        0         0         0 163102613.txt
      422      6270     36044 16317557.txt
     2065     26934    140783 1633686062.txt
        9        51       261 163575742.txt
        0         0         0 163835000.txt
     2115     26457    132214 1641083617.txt
     2135     23707    120291 1645807459.txt
      856     11365     58930 164735315.txt
     1122     14619     79719 1652575022.txt
     1459     22248    123141 1664801588.txt
      236      2599     13356 1666094737.txt
     2163     32648    164895 167033411.txt
      402      5541     26938 167132055.txt
      869     14148     76261 16728529.txt
      133      1470      8540 16735126.txt
     2097     26737    141392 1675285020.txt
     1385     17220     88289 167549846.txt
     2598     33919    170816 1676010750.txt
        0         0         0 167768930.txt
     2198     25795    131521 1677982681.txt
     1322     19792    108957 16797373.txt
      929     10694     55961 1681143307.txt
       60       896      4594 168586437.txt
        0         0         0 1686838196.txt
        0         0         0 1689178214.txt
        0         0         0 1691627017.txt
     2046     21890    112405 1695984908.txt
      992     14733     74867 1697373672.txt
        0         0         0 170774683.txt
     2148     32161    161067 1714123586.txt
        0         0         0 1715647015.txt
     1208     15216     81181 171675937.txt
     2430     23972    130182 171850974.txt
      181      2627     14841 1722569174.txt
     1697     21591    113798 17248055.txt
        0         0         0 172702120.txt
     2884     48524    251215 172903185.txt
        0         0         0 173090280.txt
     1824     28001    131008 173432226.txt
     2224     43136    208465 173557908.txt
     2043     24078    129859 17394411.txt
        0         0         0 173944831.txt
     2233     34208    175565 174207679.txt
        0         0         0 174217177.txt
        0         0         0 17424883.txt
     1800     28627    152205 174665080.txt
        5        32       181 17513981.txt
      380      5894     31420 177175287.txt
        0         0         0 17731294.txt
     2181     38042    196318 177731611.txt
     2389     40060    208949 17779850.txt
     1157     11996     62084 177888908.txt
     1749     24401    128985 17910875.txt
       12        75       485 17957267.txt
     2041     31323    164675 18002294.txt
       46       977      5269 180057763.txt
      986     17706     93744 180387432.txt
     1727     27247    147875 18077507.txt
        8        91       440 181168946.txt
     1958     32533    168986 181176719.txt
     1805     27072    133802 182301607.txt
     1686     20385    107308 182914082.txt
      407      6328     33597 18300122.txt
     1566     20664    107797 183615393.txt
       71       849      4926 18406186.txt
     2074     30900    163360 184096978.txt
     1784     25230    129403 1849233192.txt
     2625     41652    217695 184985785.txt
      308      3744     20544 185663255.txt
     1066     18787    104090 185834011.txt
     1636     29861    162413 1858526646.txt
        1         5        40 18609250.txt
        0         0         0 186189964.txt
     2003     25919    133865 18639663.txt
     1642     20171    106481 1864227588.txt
        0         0         0 186800784.txt
        0         0         0 18691210.txt
        8       102       561 1871487074.txt
        0         0         0 18718663.txt
     2097     32558    167448 18720810.txt
        0         0         0 18729110.txt
     1076     17852     90851 1875151662.txt
     1997     25001    122416 1876159610.txt
     2643     43477    238458 18802710.txt
        0         0         0 1880362922.txt
      984     10061     52145 188359293.txt
     1478     22606    116234 18920566.txt
     1133     13997     73327 1893251870.txt
     2023     30204    167571 18938982.txt
     1881     30023    152152 189548269.txt
     1724     15573     80512 1897832312.txt
     1498     21002    107319 189843841.txt
      157      1691      8760 18998717.txt
        0         0         0 1900920991.txt
     1875     19167     96784 190953438.txt
      643     10146     50047 191134049.txt
        0         0         0 1917232212.txt
     2152     27912    144286 1917917852.txt
     1991     31125    155604 19199592.txt
        0         0         0 1920932630.txt
     1593     19620     99139 1920984170.txt
        0         0         0 192248091.txt
     2585     36658    195305 192641404.txt
      189      2302     12451 1927709377.txt
      488      5382     28137 1931619277.txt
      196      2965     16119 193302026.txt
        3        11        72 19345238.txt
      198      2980     15451 1934927466.txt
     1869     27794    142345 1935159931.txt
     1276     22434    116230 193630404.txt
        0         0         0 1938845532.txt
      259      2794     15313 1944982344.txt
       30       410      2440 194690042.txt
      844      8889     47854 1949545489.txt
      263      4958     25629 1949707405.txt
     2292     39539    229381 195063133.txt
      893     15242     83079 1961166690.txt
      360      5744     31040 19636890.txt
     1371     18232     94721 1967443975.txt
     1348     24909    131350 196921013.txt
     2324     39522    197054 197715824.txt
     2120     19322     99393 19819896.txt
        0         0         0 199777915.txt
      389      5170     27588 200895017.txt
     1827     29739    150092 201148073.txt
      711      9398     56875 20139589.txt
        9        61       303 20193529.txt
     1710     20347    103530 202321056.txt
     2051     26979    133959 20233039.txt
      318      3427     18221 202558722.txt
     2696     44017    227709 203475421.txt
     1844     21303    113025 203867856.txt
     1346     19446    101734 206322175.txt
     1068     22718    108761 20646457.txt
     2541     33523    171557 207156675.txt
      796     11144     64157 20726522.txt
      801     14187     76947 20755005.txt
     2684     55256    272840 208118740.txt
     2173     29189    148133 208132106.txt
     1679     27826    156400 208578114.txt
     2611     47803    250693 209988005.txt
      100      1663      9133 21077724.txt
        0         0         0 212999454.txt
       12        94       442 21333436.txt
     1171     18650     96226 214137561.txt
     1611     19082    101777 214616700.txt
        0         0         0 2148396730.txt
     1145     15356     81738 2150101102.txt
      409      5114     26670 215138747.txt
     1640     23432    124678 215295074.txt
        0         0         0 215640394.txt
     1474     24730    130615 2161027212.txt
      773     10644     56032 2161658234.txt
      134      1757     10485 2162856134.txt
        0         0         0 216450364.txt
      775     10837     56979 216666190.txt
      138      2292     12230 2175966063.txt
     2182     31779    156240 2178493424.txt
      559      8097     40187 2179837081.txt
      473      6894     34085 2186897527.txt
      148      2155     11242 2186963712.txt
     1002     18845     95167 219066090.txt
     1592     22718    124974 219288380.txt
     1191     18336    107228 219398411.txt
       14       169       963 219941630.txt
       31       375      1948 2209671710.txt
     2723     35414    185731 221417859.txt
     1393     16187     85548 2216095535.txt
        0         0         0 222209701.txt
     2218     32713    179512 223205817.txt
      357      6640     35613 223242416.txt
     2151     26704    144311 2236519590.txt
     2470     43601    226938 223842703.txt
     1166     10395     53487 2238577264.txt
     2572     44528    219217 22512828.txt
     1567     23694    119777 225501924.txt
     2190     27734    135975 2255515890.txt
     1838     26877    135944 2256778601.txt
        0         0         0 22613146.txt
      934     14508     80453 226204372.txt
      293      2908     15357 226256849.txt
        0         0         0 226290884.txt
      160      2237     11566 226327928.txt
     1897     28373    143978 22665892.txt
      766     11626     59413 2267990756.txt
        0         0         0 2268713694.txt
       43       773      4607 2275674149.txt
        0         0         0 2281285323.txt
     1969     26133    137138 2281961405.txt
     2245     29815    148567 229118981.txt
        0         0         0 2291325259.txt
        0         0         0 2296702867.txt
     2636     36395    188490 2296882598.txt
      293      5113     27547 2300186972.txt
     1751     28292    138195 230493943.txt
     2206     30328    153276 2308044749.txt
     1833     24361    121389 2310168356.txt
       43       807      4433 2312300335.txt
       22       310      1904 2313753872.txt
      543      6583     35459 231575226.txt
     2029     32452    160251 232215368.txt
     2694     43861    228634 23293756.txt
     2467     33994    173452 233185538.txt
     2275     30075    158890 2333628306.txt
     1792     30776    167330 233535242.txt
     1819     22640    115355 233640582.txt
      453      5808     38764 2337351534.txt
        0         0         0 23376297.txt
        0         0         0 233908160.txt
        0         0         0 234287615.txt
      695     13867     68453 234693726.txt
     2167     31436    150460 2349185227.txt
     1245     13669     73187 234952524.txt
      981     13427     71123 2353098936.txt
      296      5094     28384 236079727.txt
     1852     25300    128616 2365454739.txt
        0         0         0 2371706824.txt
     1454     13995     74783 2372084269.txt
     2408     35711    177651 2375454145.txt
      633     10525     56315 2383071275.txt
     2132     33573    178675 238952764.txt
        0         0         0 23929900.txt
       94      1727      8941 23948925.txt
        0         0         0 239527067.txt
     2346     33788    170980 239947437.txt
     1846     28420    147447 240256767.txt
     2028     21629    108529 2403269792.txt
      366      4295     23221 2403360759.txt
     1839     33430    166936 240338998.txt
      187      2623     14488 2406482712.txt
     1801     23675    117312 2424031430.txt
     2567     36510    182749 2427536206.txt
     2385     31853    171741 242803279.txt
        0         0         0 2428418384.txt
     2314     31298    164271 2439124315.txt
     1617     22562    118340 244482810.txt
        0         0         0 2446122024.txt
      156      2091     11543 244657024.txt
      262      3576     17993 244766510.txt
      188      2809     15180 244909638.txt
      586      8394     48107 2450441156.txt
     2316     34261    163474 245971532.txt
       22       278      1660 246203338.txt
     1034     16860     84246 246349845.txt
     1666     22573    119035 2466298322.txt
      369      5902     30725 2469632293.txt
     1352     26542    127996 2471026772.txt
       32       417      2227 247515375.txt
     1735     19008     99057 24753889.txt
     1487     15268     78135 247774545.txt
        0         0         0 247979997.txt
        0         0         0 2480419262.txt
        0         0         0 248194467.txt
     2406     44218    230860 248789538.txt
     1822     34450    173585 2488402970.txt
        0         0         0 24949330.txt
        0         0         0 250165608.txt
        0         0         0 250218292.txt
       50       762      4017 250247578.txt
     1463     22522    119399 250297289.txt
     1833     29826    154064 2503425537.txt
      188      2159     11202 2512577032.txt
        0         0         0 253533972.txt
     1401     18184     91354 2540155704.txt
        9        56       255 254561992.txt
     1896     24161    126249 254695234.txt
     2410     38963    210281 25481699.txt
      306      4523     23927 25513543.txt
     1861     36103    188436 255161410.txt
     1745     23737    120284 2559992227.txt
     1764     29220    148954 256068365.txt
     1075     15350     79619 256583796.txt
        0         0         0 2574359636.txt
     2502     38034    200796 257439568.txt
     1898     33292    170368 257631512.txt
     2155     42437    222870 2576461237.txt
     1956     26229    136329 2578510924.txt
       19        92       443 2582351552.txt
      956      9158     47488 258282705.txt
      760     11837     61099 2586270890.txt
        0         0         0 25872703.txt
      877     10520     53057 258733330.txt
       55       923      5039 2588140248.txt
     1812     25695    129519 258936961.txt
     2236     26345    139838 259256964.txt
        0         0         0 2594252308.txt
     1166     19035     98107 259742546.txt
     1943     29000    147583 2597787554.txt
     2010     23383    121909 260372427.txt
     2706     46655    229708 2605273231.txt
     1864     23336    116947 260664538.txt
        0         0         0 2608184612.txt
     1318     15213     78545 260935086.txt
     1664     21323    111249 2616260845.txt
     1619     29000    142331 2617383968.txt
        0         0         0 261868017.txt
        0         0         0 2621012241.txt
      573     10321     53859 26309520.txt
        3        21       104 26372262.txt
     2229     33813    173601 264798942.txt
     2432     32923    171364 265040576.txt
     2295     26888    140331 265641183.txt
     1164     15860     82458 265645847.txt
        0         0         0 2665146337.txt
     2471     26821    137506 26719784.txt
        0         0         0 26728374.txt
        0         0         0 26774244.txt
     1921     28538    147278 2678257167.txt
     2734     40747    214667 267937154.txt
      531      7357     39540 268187346.txt
     2509     33129    173991 268315253.txt
        0         0         0 2685505214.txt
     2066     31842    156821 26865435.txt
     1448     13146     68611 269009784.txt
       32       352      1814 2697008228.txt
     1717     26388    147774 269850132.txt
     2340     33555    185294 26993203.txt
     1522     16772     88115 271030677.txt
     2313     35983    184549 2714133018.txt
     1610     16092     77869 2714549948.txt
        0         0         0 2716025141.txt
        0         0         0 2717954262.txt
     2424     34503    178647 2718878492.txt
        0         0         0 2719208364.txt
        0         0         0 272045963.txt
        0         0         0 272311347.txt
        0         0         0 2728927047.txt
     2724     47792    245910 27342429.txt
        0         0         0 2742009828.txt
     1899     21160    108784 2742165084.txt
        0         0         0 2743145132.txt
       40       588      3655 2749290778.txt
     2582     35096    183068 275131256.txt
     1384     20834    102256 2761883484.txt
     1508     17236     90051 2763995159.txt
        0         0         0 276994735.txt
     1706     28243    147205 27744591.txt
      689      9587     51244 277474093.txt
     1907     27157    128053 2776861586.txt
     1363     19886    102503 2777027912.txt
     2216     31328    158178 278249767.txt
     1826     33581    175175 2782892293.txt
        0         0         0 2784191357.txt
      676     11045     60804 278447908.txt
     1657     24017    129975 278774059.txt
     2279     26233    136739 2787743357.txt
     2312     32183    184604 278851304.txt
     1521     25712    131714 2789120001.txt
      904     10679     54278 2794598286.txt
     2218     28920    144838 2794833490.txt
      710     11865     63957 2795172483.txt
      313      6403     32699 279649928.txt
     2040     20282    104830 2803079980.txt
     1981     27280    135324 280426396.txt
      184      2393     14701 2805260628.txt
     1250     14488     74760 2808747298.txt
        0         0         0 280980029.txt
     2243     34412    176730 281114962.txt
        0         0         0 2813368346.txt
     1265     19075     92196 2814631697.txt
        0         0         0 281569795.txt
     2467     26711    143936 2817146730.txt
      142      2117     11839 2821357043.txt
     1560     15564     78428 2821489618.txt
     1225     16522     94615 2823813890.txt
        0         0         0 2824332469.txt
     1032     14190     74666 282698141.txt
      409      5804     35137 282940186.txt
      520      8024     41526 2830025078.txt
     2292     30186    161162 28306382.txt
     1770     25816    136631 2834846529.txt
      345      4340     25490 28405653.txt
     2008     34745    179509 284634709.txt
     2125     22687    122535 284716098.txt
        0         0         0 2850833602.txt
      358      4510     23677 285140710.txt
      214      2549     13429 2855171523.txt
     1235     17237     91661 28563631.txt
      485      6514     40825 28622283.txt
     2581     42626    213445 286799688.txt
        0         0         0 2870934826.txt
     2493     40336    204292 2871050924.txt
        0         0         0 2872716682.txt
        0         0         0 2874611831.txt
     1884     24312    128118 288177223.txt
        0         0         0 288740868.txt
        0         0         0 2887870035.txt
     1192     21517    116488 288803106.txt
        0         0         0 2888860659.txt
     1680     19253     96687 289007798.txt
      332      4860     25151 289246443.txt
      743      9210     51541 289483531.txt
     1963     25397    135125 28961796.txt
     1959     22999    120083 289964423.txt
     1441     17989     91789 2899665557.txt
     1168     14309     72065 2899781524.txt
        0         0         0 2900979916.txt
     1727     24494    124184 290179773.txt
        6        39       273 29063911.txt
     1611     27631    138441 290748424.txt
        0         0         0 2920398909.txt
     2215     34941    183386 292213655.txt
      604      8342     44292 292807033.txt
       29       319      1658 29309388.txt
     1570     23304    119278 293511410.txt
     1797     19099     98044 293520238.txt
      547      8813     41404 294238474.txt
     2140     30628    148702 29437796.txt
        1         4        20 2944635658.txt
       76       957      4932 294722820.txt
      329      5538     30000 295148845.txt
     2202     22981    122381 2952065645.txt
        0         0         0 296803442.txt
     2753     45698    235950 296921560.txt
     1031     13779     71697 2970530291.txt
     1561     19182     97061 2971424961.txt
     2589     30020    160541 298102784.txt
      114      1652     10033 2981652034.txt
       12       185       881 2983303811.txt
      136      1575      8002 298674357.txt
        0         0         0 29879107.txt
     1282     16503     86766 299216355.txt
     1723     21044    122067 299224851.txt
      184      2489     12860 2996313617.txt
        0         0         0 3005417542.txt
      151      2475     13398 3008466827.txt
     2369     33428    172766 300944859.txt
        0         0         0 3009789161.txt
       22       416      2425 300995383.txt
       63       904      4669 301358937.txt
      542      6053     29897 3014981812.txt
        0         0         0 3017193176.txt
       14       226      1135 3017533298.txt
     2639     40595    211546 30241513.txt
        0         0         0 302642537.txt
      880     10176     49049 3026568593.txt
     1792     21457    115415 302693086.txt
     1339     12165     62925 3028230130.txt
        0         0         0 3028738960.txt
     2781     43380    238027 303300869.txt
       21       272      1469 3034406631.txt
      755      9799     53173 3036928391.txt
     1739     20262    107052 3038824978.txt
      229      3068     15890 303936373.txt
      919     12405     62533 30435681.txt
       24       314      1770 3049967127.txt
     2255     38438    211549 30633069.txt
        0         0         0 30650375.txt
        0         0         0 307030481.txt
     2281     29632    159036 307466188.txt
     2588     32174    168659 308540479.txt
     2649     43075    216963 308916133.txt
      650     11212     59026 308943859.txt
        0         0         0 309681792.txt
        0         0         0 309874177.txt
      345      5545     27588 310464833.txt
     2141     25379    131580 311674503.txt
      457      4099     20798 312173147.txt
      182      2693     13724 3124259938.txt
     2555     32289    161384 3127399023.txt
      329      3926     19503 3127769490.txt
      186      2056      9877 3131735386.txt
        0         0         0 3136119671.txt
      833     16073     79430 3151326627.txt
     1865     30913    168250 316352385.txt
     2017     23092    118185 316576981.txt
     2022     28339    148027 316752207.txt
        1        18        86 31686923.txt
     1376     18025     92120 317912910.txt
      649     10132     54276 3182501939.txt
        0         0         0 318480338.txt
      691     10636     55631 318824738.txt
        0         0         0 319256997.txt
      717      6621     34514 3198715151.txt
     1194     10123     51810 319887597.txt
     1390     19798     98107 320326625.txt
      309      3101     16833 3207788543.txt
      350      6040     31231 3208479971.txt
       52       767      4081 3210753039.txt
      661      8221     41979 321294912.txt
      719      7974     46281 321442995.txt
     1457     21484    111779 32202559.txt
     1714     22901    117154 322180875.txt
     1364     17594     77535 322360352.txt
      579      7403     39765 322437150.txt
        0         0         0 3235572641.txt
     2329     34143    179600 323717861.txt
      454      5812     30646 323822876.txt
        0         0         0 3241942287.txt
        0         0         0 324387878.txt
     1750     31178    158748 324475198.txt
     1561     17651     91412 325111397.txt
      441      7317     41755 326266940.txt
     1668     24873    142245 326632977.txt
     2014     30267    156935 326744805.txt
     1867     31602    166514 328434622.txt
      312      4496     23294 328956401.txt
      867     15850     84263 3294312574.txt
        0         0         0 3298069192.txt
        0         0         0 3298599978.txt
      204      2554     14723 3299721123.txt
     1586     21665    116948 3305733977.txt
     2589     46001    244032 330653737.txt
        0         0         0 331240223.txt
      519      8214     42016 3313585276.txt
       30       223      1163 3314154971.txt
     1965     19155    100246 331537921.txt
     1821     19499    102625 331892237.txt
      935      8762     44744 3319465936.txt
     2396     34361    175137 33198720.txt
     2400     33444    163086 3321642221.txt
     2010     32127    161143 332306010.txt
      983     15400     81207 33238901.txt
      658      8596     47552 3332154525.txt
     1465     21019    107642 333524406.txt
        0         0         0 3339951424.txt
      512      6748     36619 334181285.txt
      266      4732     24697 3344117189.txt
        0         0         0 3351141538.txt
      553     11391     57722 33539362.txt
     1848     18828     99182 3354659193.txt
       20       256      1361 3354890020.txt
        0         0         0 3355192948.txt
      108      1304      6520 335531755.txt
     1904     33099    174074 335860185.txt
      943     10594     59994 335940784.txt
     1966     30419    170473 33601039.txt
      814     10680     54764 3364304733.txt
        0         0         0 3366387791.txt
        0         0         0 33676791.txt
     1312     17968     94262 3370778145.txt
        0         0         0 3376926040.txt
     2898     52259    277663 338349721.txt
     2211     31312    156932 339064427.txt
        0         0         0 3392542745.txt
        0         0         0 339274566.txt
      113      1472      8054 3394388715.txt
        0         0         0 339551831.txt
        0         0         0 339572464.txt
      874     10266     52207 3402723808.txt
     1714     24633    125989 340395120.txt
     2325     26248    129859 340848791.txt
      926     13988     81109 342135931.txt
      480      6626     34768 3438483129.txt
     1893     29496    152924 3448465762.txt
     1412     16522     85865 34691567.txt
      556      7718     40464 348013787.txt
      125      1879     10507 34895908.txt
     2465     38172    196828 35042444.txt
      413      6145     32750 350589734.txt
     2949     48251    238645 350855821.txt
        0         0         0 352633629.txt
      408      6765     40497 352640319.txt
     2172     39849    201122 353012620.txt
      945     14600     76175 353860753.txt
      943     15839     83507 354320095.txt
     1080     16469     89275 354401871.txt
     2156     33677    174537 354462244.txt
        0         0         0 354512931.txt
        0         0         0 35488592.txt
     2147     40451    207030 357125604.txt
      975     12093     64256 35786460.txt
     2845     53971    301084 35814511.txt
     1327     16829     92237 358211949.txt
     2339     26821    145293 358408854.txt
        1        13        57 35862343.txt
     2409     30881    149891 360031171.txt
        0         0         0 360520841.txt
        0         0         0 361230415.txt
     2739     51773    258110 362429030.txt
      320      4646     25466 36255116.txt
     1772     27290    131714 362664882.txt
     2317     23856    125796 363881716.txt
        0         0         0 364281214.txt
      774     11696     60019 366705447.txt
        2        25       127 368229460.txt
     2162     25439    129000 368361630.txt
      323      4055     22919 368390135.txt
     1290     15226     83335 369209336.txt
      410      4110     22012 369915770.txt
     2804     54597    274388 370023500.txt
     1745     22488    115905 370136354.txt
     1317     11948     62924 370370555.txt
      313      3698     18836 370849362.txt
        0         0         0 37224291.txt
     1227     16510     89213 374634123.txt
     1022     12378     67513 37619955.txt
     1019     12073     62510 376947712.txt
     2655     37148    197266 377473204.txt
     1780     23961    127515 378510910.txt
        0         0         0 378691472.txt
     2124     38379    194475 37886608.txt
     2289     42063    214836 379337547.txt
     2268     24499    123964 380903203.txt
        0         0         0 381643865.txt
     2010     30628    156391 382339570.txt
     2169     41444    211931 38442856.txt
     1508     20578    107157 38444233.txt
       14       186      1104 3851718737.txt
        0         0         0 385231211.txt
        0         0         0 385564703.txt
     2583     35742    179527 385574640.txt
     2381     39988    200773 386653635.txt
     2152     29089    144439 386671775.txt
     2785     32628    170418 38669194.txt
     1048     15524     79093 388444664.txt
        0         0         0 38922191.txt
        0         0         0 38938918.txt
     2563     35480    185327 389445302.txt
     2674     51623    262336 389974094.txt
       19        57       358 391002800.txt
        0         0         0 391426583.txt
     1652     22970    121271 391665217.txt
        0         0         0 39336628.txt
        0         0         0 3937664787.txt
        0         0         0 3937947747.txt
      599      7814     39009 39533207.txt
     2380     37904    183060 395470611.txt
     1784     26334    135125 395583808.txt
     1764     18847     98245 39596198.txt
     2308     33365    164070 39597371.txt
        0         0         0 396048980.txt
     2360     41046    215749 396674171.txt
        0         0         0 397378369.txt
     1963     22129    118246 397811380.txt
      430      6381     36663 399368303.txt
     1289     17299     87113 399584856.txt
        0         0         0 400645800.txt
     2516     39163    230179 401089045.txt
     1863     22479    122970 401308338.txt
     2194     36873    188804 402183094.txt
     1740     24897    129781 40240487.txt
     1370     16278     81262 402980250.txt
     1792     29991    157245 403685086.txt
     1264     12142     64180 405013075.txt
     2592     43874    228813 405030970.txt
     2030     29087    152113 405481235.txt
        0         0         0 4056325408.txt
     2405     31824    161852 407151104.txt
     2261     33232    173499 408493860.txt
     1273     23787    124785 409271822.txt
     1562     21047    100945 409857240.txt
      576      9456     44598 411263210.txt
     1844     29936    144449 41133980.txt
     2310     28398    148675 41220222.txt
        0         0         0 415831934.txt
     1354     17696     94276 41617718.txt
        1        18        89 4181676537.txt
     2519     41608    218820 419504578.txt
     1227     18778     91533 421802145.txt
     1571     21926    112066 423692793.txt
      914     11287     67548 424000725.txt
        0         0         0 42440034.txt
     2078     18426     97551 424494626.txt
        0         0         0 425196262.txt
        0         0         0 426358873.txt
        0         0         0 427490858.txt
     1946     23979    125794 427569771.txt
        0         0         0 428913485.txt
       37       360      1978 429359099.txt
      528      6140     34379 42963573.txt
        0         0         0 430134908.txt
     1414     23476    121343 430252130.txt
     2267     27667    134960 431020175.txt
        0         0         0 432708283.txt
     1990     32470    162902 432867590.txt
     2156     26985    141199 433272582.txt
     1746     18945     96778 433523216.txt
     1489     16032     84413 433683369.txt
       62       758      3912 435020660.txt
     1782     28389    147610 435715853.txt
        0         0         0 436743755.txt
     1419     20307    101474 436797188.txt
     1846     28179    157397 43716737.txt
      555      8158     41914 43910363.txt
     1986     32321    162766 43910517.txt
     1706     20406    107363 440175203.txt
      245      3158     17218 440996473.txt
     1941     29475    151486 441174359.txt
     2711     50305    244276 441368016.txt
     2103     29573    153734 441955249.txt
        0         0         0 442130505.txt
        8        59       313 44235988.txt
     2200     33056    178945 44308516.txt
     2282     22252    115823 443151142.txt
      103      1380      7404 443177645.txt
        0         0         0 44380640.txt
        0         0         0 44407728.txt
     1387     14795     78430 445090625.txt
      764      8593     42154 44605874.txt
     2212     30133    157122 447103955.txt
     1995     33495    170680 448355108.txt
     2624     33844    178005 448371409.txt
     1756     18742     97699 449313460.txt
     1612     20795    104353 449928308.txt
        0         0         0 45021357.txt
     1609     18610     95761 450893904.txt
      225      3030     16704 451543174.txt
     1925     28337    148426 452287988.txt
      847     14064     71239 452522005.txt
        0         0         0 453086043.txt
        0         0         0 45365721.txt
     1882     32008    169469 454330657.txt
      244      3450     19342 455273687.txt
     1014     12429     65042 45573900.txt
        0         0         0 456529462.txt
     1815     23464    125811 456588090.txt
      950      9880     52697 457272476.txt
     1081     17952     85090 457705242.txt
     1627     21704    111280 46089281.txt
       75       903      5041 462023915.txt
     1866     24978    123219 46259528.txt
      855     14821     73556 463663373.txt
        0         0         0 464086154.txt
      100      1528      7966 464327572.txt
        0         0         0 464528912.txt
       25       422      2229 465409539.txt
        0         0         0 465778959.txt
        0         0         0 465831566.txt
        0         0         0 466643799.txt
        0         0         0 46705779.txt
     1794     26869    137893 467527348.txt
     1129     13212     69899 467673797.txt
     1244     12401     65180 468612220.txt
      620      9274     53735 468653932.txt
     2595     29644    146808 46940846.txt
     1887     33422    177279 469495858.txt
      206      2561     13417 46976354.txt
      769     10998     58776 470290890.txt
     1701     25606    131222 47160115.txt
        0         0         0 472076206.txt
     1590     20429    104020 472672661.txt
      157      2242     13087 474264487.txt
     2728     58781    288746 474946988.txt
     2034     33963    174089 47497720.txt
     1076     12426     68323 476808726.txt
      187      2813     14860 476844933.txt
     1190     15238     85881 47706812.txt
     1489     19574    101599 477552648.txt
     1237     17602     86219 477666999.txt
      302      4442     22882 477678563.txt
     1965     29937    150620 47935331.txt
     2773     46930    233996 480420853.txt
     1672     27745    142874 480520131.txt
     2104     31877    171929 480779792.txt
     1669     18999    101148 482935696.txt
     2399     38495    207726 48322324.txt
     2454     42774    220824 483760193.txt
     1536     23131    115934 485979475.txt
     1610     21981    121677 486095980.txt
        0         0         0 48683273.txt
      784      8741     49509 486897854.txt
        0         0         0 486984875.txt
     2020     25518    126169 487698174.txt
        0         0         0 48889223.txt
       21       339      1875 48955966.txt
     1132     17278     85680 490428714.txt
     2275     35950    192502 490657509.txt
        0         0         0 491427689.txt
     1976     25840    128664 491555344.txt
     1252     14601     72767 491584176.txt
      888      8227     42426 491965554.txt
        0         0         0 492446000.txt
     1739     24450    125480 494344546.txt
     2476     36063    194810 495176601.txt
     2648     44843    230731 495208081.txt
     2482     31775    175836 495405793.txt
       81      1116      5483 49624375.txt
     2504     42831    220470 49643241.txt
       60       819      4220 49700780.txt
     1332     17452     89458 497136319.txt
      861      9179     48829 497938261.txt
        0         0         0 499171531.txt
     2655     32693    162578 499728626.txt
     1597     24712    128782 500131988.txt
      786     11734     62198 501125530.txt
        0         0         0 50312356.txt
     2226     38543    206383 503784980.txt
     1760     17891     87107 504723859.txt
     1351     12172     62851 504993508.txt
     2018     16256     84407 50622797.txt
     1234     17487     91871 50680165.txt
     2471     37500    211649 50683367.txt
      309      3946     22944 50948151.txt
      590      7949     40430 510739835.txt
     2562     43875    219694 510778332.txt
     2100     35895    181982 51198406.txt
        0         0         0 512636479.txt
     1473     14210     73293 513459018.txt
     2457     25424    138118 514453296.txt
     1127     16448     98610 514816954.txt
      646     10473     57008 51543886.txt
     2722     48653    247693 515700796.txt
        0         0         0 515934963.txt
     1583     31390    162792 516108217.txt
     2703     39759    194445 51682853.txt
     2405     34728    171582 517905005.txt
     1614     24795    129433 518329038.txt
      401      4205     21570 519119618.txt
      848     12283     63049 519740200.txt
     1427     19614     99021 52084679.txt
      428      5023     26391 521147449.txt
     1195     21729    111312 521277285.txt
        0         0         0 52176912.txt
     2433     37479    190467 522321663.txt
     2732     47958    243648 523093601.txt
     2086     33778    170698 52320489.txt
      263      4083     21438 523376270.txt
     2140     28263    149379 52391532.txt
     2077     30920    177819 526029952.txt
     1389     10909     51921 526814665.txt
        0         0         0 527288667.txt
     1173     13335     68539 528383309.txt
      262      3597     20005 52996147.txt
      572      5214     28694 531338055.txt
     1740     16783     81460 532391386.txt
      303      4600     25580 53334974.txt
     1678     31629    183199 534785851.txt
     2224     35057    178363 535298740.txt
     1722     18768     93585 536368111.txt
      795      8397     45378 539135421.txt
     1770     24705    125372 541135908.txt
        0         0         0 541760210.txt
     1807     16103     78659 542134235.txt
     2000     26009    134679 542649005.txt
     2212     37056    186034 542654874.txt
     2071     34307    173855 54310168.txt
     1861     25073    129890 54528017.txt
      174      2503     13687 54642896.txt
     1511     17324     90302 547084912.txt
     2185     31202    149621 547667605.txt
     2171     37044    192172 547940417.txt
     1780     25007    131465 548409330.txt
     2471     40193    204410 549952862.txt
     1261     20721    102917 550191961.txt
     1380     16132     85518 550268811.txt
      708     10171     52315 553015073.txt
     2363     30697    163924 553982295.txt
        0         0         0 553991346.txt
     1331     16003     77184 554027283.txt
        0         0         0 554228357.txt
     1578     18833     95768 554419956.txt
     2890     52595    273797 55523877.txt
     1883     31267    169412 5553332.txt
     1758     25101    126753 555488723.txt
      486      7267     37262 557336369.txt
        0         0         0 557594344.txt
      402      6122     31552 55790854.txt
     1856     17339     90027 558516321.txt
      834     14097     73086 559483934.txt
     1801     30024    152778 560416197.txt
     2890     50975    283457 560459880.txt
     2316     38313    195275 561398065.txt
     1914     17562     89420 563919570.txt
     2233     26665    142620 563981757.txt
     2314     36622    184797 564031801.txt
      119      1594      8337 565713626.txt
        0         0         0 566238974.txt
     2120     30647    157025 567244115.txt
      280      4826     25581 5676562.txt
        4        16       102 568078648.txt
     2001     26388    129920 572118003.txt
     2283     37472    196392 572130368.txt
        0         0         0 572739033.txt
     2147     29424    149571 573008064.txt
     1897     26144    139523 575224443.txt
     2591     44702    233554 575422981.txt
       18       169       879 57547624.txt
       64       888      4953 575968983.txt
        0         0         0 57599693.txt
     1731     24177    127670 57648762.txt
      105      1247      7171 57786183.txt
      577      7375     37523 577937277.txt
      327      4789     25802 579062919.txt
     2131     32401    160151 579156912.txt
        0         0         0 580628764.txt
     2261     33908    169714 581727729.txt
      203      3183     14119 582163439.txt
      935     12173     69031 585054199.txt
        0         0         0 585096569.txt
     1025     18940     95253 585727780.txt
     1010     15409     86886 587800515.txt
        0         0         0 58804873.txt
     1657     26999    145965 588184262.txt
       20       231      1409 5895102.txt
     1038     15075     84956 589683725.txt
     1429     16966     83341 591245858.txt
      276      3304     17975 593654475.txt
     1732     16400     86798 593956387.txt
     1599     20524    112980 59530343.txt
      171      1787     10248 595780205.txt
     1332     25158    132305 596772090.txt
     1535     24052    118349 597578963.txt
     1932     21526    111703 597622636.txt
        0         0         0 599583422.txt
     1703     19894    102664 604748583.txt
     1491     18873    101547 605249947.txt
      327      4324     22066 60568876.txt
     2285     34337    174635 606419739.txt
        0         0         0 606534556.txt
        0         0         0 606618435.txt
      585      5471     29121 607201775.txt
      127      1680      9286 610073832.txt
     1705     21149    113614 610263770.txt
      140      2168     11619 611043707.txt
      547      6735     37423 6114892.txt
      788     13141     61065 611734484.txt
     2333     34470    165380 612807759.txt
     2242     33549    167970 612983708.txt
        0         0         0 613252568.txt
      889      9601     50262 613350425.txt
     1085     13333     64549 61475694.txt
        0         0         0 615499730.txt
        5        48       248 616046019.txt
     2327     31800    158286 61623484.txt
        0         0         0 616467499.txt
      559      7029     36037 619263780.txt
        0         0         0 619781999.txt
     1966     28713    144447 619897349.txt
      676     10174     55759 621717020.txt
     1621     20791    106691 621883620.txt
     1608     19635     99481 621904644.txt
     2699     52492    255904 622216040.txt
        0         0         0 622623244.txt
       74       859      4581 62275388.txt
        0         0         0 622920832.txt
     1242     17078     94697 624293954.txt
     1032     14421     83686 624463845.txt
      157      1349      6939 624639350.txt
        0         0         0 624955607.txt
      891     15621     85936 625604118.txt
        0         0         0 627286948.txt
        0         0         0 627658238.txt
     2354     34053    179441 62813463.txt
      134      1562      8887 628354076.txt
      948      8056     42643 629263104.txt
      876     11082     58088 629426247.txt
      997     10374     53473 631044818.txt
      303      6097     30187 631263870.txt
     2216     30640    157547 636160830.txt
     1490     23840    128585 63646818.txt
     2868     62240    290005 6364932.txt
     2330     35586    181066 636988070.txt
      610      7803     41936 63707257.txt
     2266     39043    197833 64016872.txt
     1603     26472    132635 64157336.txt
     2395     23057    121025 64650238.txt
     1782     25898    139600 6529302.txt
       24       130       599 65556017.txt
     2398     36749    190887 65872058.txt
     2100     27367    159815 6610442.txt
     2554     43637    221130 66168768.txt
     2361     45703    229575 6667032.txt
        0         0         0 6667242.txt
     1827     32186    177449 66841986.txt
       50       880      4981 67605238.txt
        0         0         0 67672775.txt
     1061     13011     67813 67851610.txt
     1839     25329    128562 67898716.txt
      769     12252     64174 67957458.txt
     2292     27461    145761 68300063.txt
     2043     33930    168899 69588668.txt
     2458     37683    195050 6961472.txt
     1789     21364    111544 69917979.txt
      598      9111     49638 70326992.txt
     1266     15192     85564 70469958.txt
      200      2461     14103 70532629.txt
     1168     17898     95214 705943682.txt
     2284     33188    163824 706852466.txt
     2490     44313    225780 70914195.txt
     2235     29842    146784 71348027.txt
     1638     25143    132334 715008902.txt
      238      3048     17214 715119488.txt
     1861     28568    145119 71527211.txt
        0         0         0 716125202.txt
     1942     35253    193207 71617629.txt
      239      3335     17427 717760478.txt
      840     11959     62118 718380229.txt
       80      1038      5983 71900607.txt
     1199     21416    114160 71925829.txt
        0         0         0 72314076.txt
     1620     16009     83156 724521445.txt
        0         0         0 726159602.txt
        6        99       548 727927238.txt
     1682     18970    104147 729727669.txt
      136      1926      9594 732800990.txt
     2419     33442    175868 73330924.txt
      805     11920     63079 738933.txt
     2004     33261    173164 73901619.txt
     1877     35235    181745 739101390.txt
      825     11485     61298 73916495.txt
      627      8682     47463 73943708.txt
     2119     26466    130388 741156488.txt
     2152     30134    146130 742925034.txt
      217      2974     15515 7451002.txt
     1854     19909    103692 74984565.txt
        0         0         0 750009162.txt
     1197     13220     75557 751772646.txt
     1815     31633    162424 75260630.txt
      123      1589      8826 756693301.txt
     2077     34075    172935 757684927.txt
      628     11033     56601 75853312.txt
     2200     32911    170405 76009318.txt
        0         0         0 76134327.txt
     2818     55084    286312 76294960.txt
     1756     20145    104003 763502989.txt
     1929     35721    168839 765364568.txt
      743     11624     64209 76619224.txt
       67      1378      7355 767643042.txt
     1079     15076     81883 768392971.txt
     2255     33083    173811 770966846.txt
     1245     17329     91831 774369900.txt
     1599     19656     99797 776633239.txt
     2165     18143     95211 778191654.txt
     2230     26496    144493 780492954.txt
     2154     23072    122628 780935431.txt
     1564     25938    135078 781660.txt
     1849     24414    126410 782758982.txt
     2112     34514    176856 78382273.txt
      301      4493     23161 783854996.txt
     1391     22526    136194 784807548.txt
     2905     60086    300457 78683583.txt
      483      6177     31965 789160364.txt
     1363     18211     89752 791614308.txt
     1900     27183    151973 79405572.txt
       23       346      1741 79559531.txt
      260      3139     16842 79659115.txt
      695     10846     55758 796723346.txt
     1710     35680    183534 79689976.txt
     1919     26634    136681 797169626.txt
     1086     10989     58853 79835750.txt
        0         0         0 800921508.txt
     2515     43765    234660 802755907.txt
     1231     15371     81309 804687072.txt
     2252     32112    161982 8064742.txt
     1688     27899    148597 807454639.txt
      723     11067     59406 807844752.txt
     2185     38002    186727 80953358.txt
        0         0         0 81158304.txt
      842     13003     64314 81570535.txt
      901     13684     69948 818224536.txt
     2251     34574    205937 82100984.txt
     1454     16376     83179 821081808.txt
        0         0         0 82339207.txt
     2433     27871    144304 8241402.txt
      199      2843     16157 82648973.txt
        0         0         0 828744271.txt
      962     15703     80480 82930441.txt
     1042     13736     72587 83327814.txt
     2324     39099    208667 833441077.txt
     2780     41368    214321 836185218.txt
        0         0         0 838460330.txt
     2756     44723    221445 8421442.txt
      383      5425     28516 842311190.txt
       92      1428      7766 842500332.txt
     1950     24682    127301 843052063.txt
     2034     24865    120947 8445702.txt
     1744     20514    105001 845867814.txt
     2777     55902    282386 84661764.txt
     1077     14192     74639 8467482.txt
      972     11108     57010 846799590.txt
     1700     22306    117836 847537208.txt
      423      8139     42854 84805102.txt
      297      3024     15611 848171821.txt
      208      2283     13020 853529696.txt
     2390     38019    199731 856414682.txt
      331      5483     26379 861675416.txt
        0         0         0 861997836.txt
     1963     26598    138351 86284911.txt
        0         0         0 865107024.txt
     1447     18163     93063 867473918.txt
     1387     15694     82849 868132596.txt
      571      5261     27880 87201762.txt
     1980     24629    123893 87276635.txt
        0         0         0 87421143.txt
      760     11434     59491 874226713.txt
     1705     28499    143801 87444801.txt
     1030     17972     94255 874773116.txt
     1161     18012     98546 8748172.txt
     1959     38793    201407 875273833.txt
      366      5757     28114 876230245.txt
     2089     31136    161222 877718180.txt
     2264     27681    139404 87786619.txt
       58       701      4128 87970538.txt
        0         0         0 881975839.txt
        0         0         0 89046397.txt
     2560     44527    229137 891447330.txt
     2009     22227    114849 89263781.txt
     2374     33793    191920 89524002.txt
        0         0         0 895419091.txt
        8        22       126 897114775.txt
     2441     30730    161204 89892284.txt
      722      9633     51290 901354980.txt
     1616     23419    121252 908321172.txt
     1432     18600    109788 910660813.txt
     1258     15225     77047 91335633.txt
        0         0         0 91428499.txt
      338      3987     21412 915772152.txt
     1788     19822    102415 915848258.txt
      317      4832     25401 918244226.txt
      982     10137     52783 921222660.txt
     2368     40859    211032 92333716.txt
        0         0         0 92364095.txt
      405      4731     25095 924210973.txt
        0         0         0 925143481.txt
     1142     12889     71227 927191414.txt
     1751     18869     98398 92969032.txt
     1601     24822    124624 93450887.txt
       77      1171      6325 935376888.txt
      771     11092     55607 93604059.txt
        0         0         0 939847926.txt
     1678     22630    107500 942082460.txt
      612      7862     40283 943454640.txt
     2063     30954    155158 950277588.txt
     1160     15017     81373 952335757.txt
        0         0         0 954650155.txt
     2155     37485    194314 95660853.txt
      373      7107     38505 956775031.txt
      847     11235     61866 95699741.txt
     1965     26956    136461 95720702.txt
      932     13844     72896 958308030.txt
     1055     19247    100841 962498125.txt
        0         0         0 962961943.txt
     2847     46552    225638 964556156.txt
     1312     11531     60540 967157700.txt
      713      9436     50611 9711752.txt
     1041     12822     70124 972477481.txt
     1819     22301    111806 97877674.txt
     2323     35050    181304 97886240.txt
        0         0         0 97910437.txt
     2558     43067    212209 97975496.txt
     2542     44906    230645 98237300.txt
     1600     17845     95060 982970587.txt
     1393     24773    125168 984882440.txt
     1628     20933    109203 985495087.txt
     2055     35034    182023 98712756.txt
     1841     24229    126328 98988285.txt
     1900     33707    181275 9912212.txt
     2222     36674    179382 991619724.txt
     2142     20920    110363 991900705.txt
     2655     40677    212869 99546740.txt
      409      3923     18900 998244200.txt
     1583     21184    113711 998819870.txt
  1586805  22779545 118217921 total
